002248.jpg -1 -1 -1 1 -1
001123.jpg -1 -1 1 -1 -1
001757.jpg -1 1 -1 -1 -1
001972.jpg -1 -1 1 -1 -1
001204.jpg 1 -1 -1 -1 -1
005553.jpg -1 -1 -1 1 -1
000632.jpg -1 1 -1 -1 -1
004415.jpg -1 -1 -1 -1 1
003591.jpg -1 -1 -1 1 -1
002805.jpg -1 -1 -1 -1 1
000781.jpg -1 1 -1 -1 -1
000077.jpg 1 -1 -1 -1 -1
002606.jpg -1 -1 1 -1 -1
001766.jpg -1 -1 -1 1 -1
000098.jpg -1 1 -1 -1 -1
000134.jpg -1 -1 -1 -1 1
005194.jpg -1 -1 -1 1 -1
000089.jpg 1 -1 -1 -1 -1
002980.jpg -1 -1 -1 1 -1
001258.jpg 1 -1 -1 -1 -1
001241.jpg 1 -1 -1 -1 -1
001772.jpg -1 -1 -1 1 -1
002774.jpg -1 1 -1 -1 -1
077024.jpg -1 -1 1 -1 -1
005295.jpg -1 -1 -1 1 -1
000825.jpg -1 1 -1 -1 -1
000539.jpg -1 1 -1 -1 -1
002983.jpg -1 -1 -1 1 -1
001094.jpg 1 -1 -1 -1 -1
001173.jpg 1 -1 -1 -1 -1
003870.jpg -1 -1 -1 -1 1
000132.jpg -1 1 -1 -1 -1
000040.jpg 1 -1 -1 -1 -1
001092.jpg 1 -1 -1 -1 -1
001063.jpg -1 -1 1 -1 -1
000019.jpg 1 -1 -1 -1 -1
002598.jpg -1 -1 1 -1 -1
004598.jpg -1 -1 -1 1 -1
002793.jpg -1 -1 -1 -1 1
002944.jpg -1 -1 -1 -1 1
000531.jpg -1 1 -1 -1 -1
000073.jpg 1 -1 -1 -1 -1
001059.jpg 1 -1 -1 -1 -1
001386.jpg -1 1 -1 -1 -1
000107.jpg 1 -1 -1 -1 -1
002881.jpg -1 1 -1 -1 -1
001308.jpg -1 1 -1 -1 -1
001288.jpg -1 1 -1 -1 -1
002314.jpg -1 -1 -1 1 -1
001247.jpg 1 -1 -1 -1 -1
000256.jpg -1 -1 -1 -1 1
003035.jpg -1 1 -1 -1 -1
004586.jpg -1 -1 -1 1 -1
000036.jpg -1 1 -1 -1 -1
002361.jpg -1 -1 -1 1 -1
002244.jpg -1 -1 -1 1 -1
001562.jpg -1 -1 1 -1 -1
001595.jpg -1 -1 1 -1 -1
001614.jpg -1 1 -1 -1 -1
003536.jpg -1 -1 -1 -1 1
000294.jpg -1 -1 1 -1 -1
000204.jpg -1 -1 1 -1 -1
005777.jpg -1 -1 -1 1 -1
000439.jpg -1 -1 -1 -1 1
001636.jpg -1 -1 -1 1 -1
001669.jpg -1 -1 1 -1 -1
003340.jpg -1 -1 -1 -1 1
001588.jpg -1 -1 1 -1 -1
001399.jpg -1 -1 1 -1 -1
003052.jpg -1 -1 -1 -1 1
000342.jpg -1 1 -1 -1 -1
000018.jpg 1 -1 -1 -1 -1
003550.jpg -1 -1 -1 -1 1
000093.jpg 1 -1 -1 -1 -1
000185.jpg -1 -1 1 -1 -1
001187.jpg 1 -1 -1 -1 -1
001245.jpg -1 1 -1 -1 -1
000525.jpg -1 -1 -1 -1 1
003041.jpg -1 -1 -1 -1 1
001155.jpg -1 -1 1 -1 -1
003866.jpg -1 -1 -1 -1 1
000685.jpg -1 -1 1 -1 -1
001214.jpg -1 -1 1 -1 -1
003262.jpg -1 -1 -1 -1 1
000168.jpg -1 -1 1 -1 -1
000249.jpg 1 -1 -1 -1 -1
000494.jpg -1 -1 1 -1 -1
003842.jpg -1 -1 -1 -1 1
000921.jpg -1 1 -1 -1 -1
000300.jpg -1 -1 -1 -1 1
001521.jpg -1 -1 -1 1 -1
004807.jpg -1 -1 -1 1 -1
003841.jpg -1 -1 -1 1 -1
002639.jpg -1 -1 -1 1 -1
001000.jpg -1 1 -1 -1 -1
000568.jpg -1 -1 -1 -1 1
000088.jpg 1 -1 -1 -1 -1
002829.jpg -1 -1 -1 -1 1
001168.jpg 1 -1 -1 -1 -1
000158.jpg -1 -1 1 -1 -1